							************************
									 files/club3.txt
							************************

Filename is files/club3.txt.

This file contains primary output for SIENA project <<files/club3>>.

Date and time: 09/12/2021 12:10:25 

RSiena version 1.2.34 (30 04 2021)


@1
Data input.
===========

12 observations,
165 actors,
1 dependent network variables,
0 dependent bipartite variables,
2 dependent discrete behavior variables,
0 dependent continuous behavior variables,
1 constant actor covariates,
3 exogenous changing actor covariates,
1 constant dyadic covariates,
0 exogenous changing dyadic covariates,
0 no files with times of composition change.


@2
Reading network variables.
--------------------------

Name of network variable: kudonet.
oneMode network.
For observation moment 1, degree distributions are as follows:
Nodes
  1   2   3   4   5   6   7   8   9  10  11  12  13  14  15 
 16  17  18  19  20  21  22  23  24  25  26  27  28  29  30 
 31  32  33  34  35  36  37  38  39  40  41  42  43  44  45 
 46  47  48  49  50  51  52  53  54  55  56  57  58  59  60 
 61  62  63  64  65  66  67  68  69  70  71  72  73  74  75 
 76  77  78  79  80  81  82  83  84  85  86  87  88  89  90 
 91  92  93  94  95  96  97  98  99 100 101 102 103 104 105 
106 107 108 109 110 111 112 113 114 115 116 117 118 119 120 
121 122 123 124 125 126 127 128 129 130 131 132 133 134 135 
136 137 138 139 140 141 142 143 144 145 146 147 148 149 150 
151 152 153 154 155 156 157 158 159 160 161 162 163 164 165
out-degrees
  0   0   0   0   0   2   0   2   0   0   2   7   0   0   0 
  4   0   0   0   1   0   3   1  12   0   3   0   0   0   1 
  0   1   7   0   0   7   0   1   0   1   0   1   0   5  20 
  1   0   2   0   0  11   1   0   0   0   0   0   4   0   7 
  0   0   0   0   0   8   0   0   0   1   0   0   1   0   0 
  6   0   0   9   0   2   0   0   0   8   1   2   1  16   9 
  0   0   0   1   0   0   0   7   0   0   2   0   2   0   8 
  8   2   1   0   0   1   0   0   0   0   2   2   5   0   0 
  0   0   2   7   0   0   1   0   0   0   0  10   0   0  12 
  0   1   0   0   6   6   0  12   0   0   2   0   6   0   3 
  0   0   1   0   2   1   0   1   0   0   1   0   0   0   0
in-degrees
  0   0   0   1   0   1   2   1   0   1   2   8   0   0   0 
  3   0   2   0   2   0   3   1  12   0   3   0   0   0   1 
  1   1   8   0   0   8   0   1   1   0   0   1   1   2  18 
  8   0   2   0   0  10   2   0   0   1   0   1   5   0   6 
  5   0   0   0   0   3   0   0   1   0   2   0   2   0   0 
  8   0   0   5   0   0   0   0   0   2   1   0   2   1   7 
  1   0   0   0   0   0   0   6   0   1   2   2   3   0   7 
  4   2   1   0   0   0   0   0   1   1   3   2   4   1   0 
  0   0   2   4   0   3   4   0   0   5   0  10   0   0  10 
  0   1   0   0   5   2   0   6   0   0   8   0  11   0   2 
  0   0   1   0   4   1   0   1   0   1   4   0   0   1   0

No missing data for observation 1.

For observation moment 2, degree distributions are as follows:
Nodes
  1   2   3   4   5   6   7   8   9  10  11  12  13  14  15 
 16  17  18  19  20  21  22  23  24  25  26  27  28  29  30 
 31  32  33  34  35  36  37  38  39  40  41  42  43  44  45 
 46  47  48  49  50  51  52  53  54  55  56  57  58  59  60 
 61  62  63  64  65  66  67  68  69  70  71  72  73  74  75 
 76  77  78  79  80  81  82  83  84  85  86  87  88  89  90 
 91  92  93  94  95  96  97  98  99 100 101 102 103 104 105 
106 107 108 109 110 111 112 113 114 115 116 117 118 119 120 
121 122 123 124 125 126 127 128 129 130 131 132 133 134 135 
136 137 138 139 140 141 142 143 144 145 146 147 148 149 150 
151 152 153 154 155 156 157 158 159 160 161 162 163 164 165
out-degrees
  0   0   0   0   0   2   0   2   0   2   2   7   0   0   0 
  3   0   1   0   1   0   0   1  10   0   3   0   0   0   1 
  0   1   8   1   0   4   0   0   0   0   0   2   0   0  20 
  1   0   2   0   0   7   2   0   0   0   0   0   4   0   7 
  1   0   0   0   0  11   0   0   0   3   0   0   0   0   0 
  8   0   0   6   0   1   0   0   0   4   2   3   1   9   6 
  0   0   0   1   0   0   0  10   0   0   0   0   1   0   2 
  8   2   1   0   0   0   0   0   1   0   2   1   2   1   0 
  0   0   3  12   0   0   0   0   0   1   0  12   0   0  11 
  0   1   0   0   7   5   0  13   0   0   8   0   7   1   3 
  0   0   0   0   3   0   0   2   0   0   2   0   0   0   0
in-degrees
  0   0   0   1   0   1   1   2   0   1   4   7   0   0   1 
  2   0   2   0   1   2   1   1  12   0   3   0   1   0   1 
  1   0   6   1   0   8   0   1   0   0   0   2   1   1  14 
  6   0   2   0   0   7   3   0   0   0   0   0   3   0   5 
  8   0   0   0   0   9   0   0   2   0   1   0   0   0   0 
  7   0   0   3   0   1   0   0   0   3   0   1   1   4   3 
  0   0   2   0   0   0   0  10   0   1   2   0   3   0   0 
  5   2   1   0   0   0   0   0   1   0   2   2   2   0   0 
  0   0   3   3   6   3   2   0   0   3   0  11   0   0   7 
  0   2   0   0   5   0   0   6   0   0   7   0  12   2   2 
  0   0   2   2   3   1   0   5   0   0   4   0   0   0   0

No missing data for observation 2.

For observation moment 3, degree distributions are as follows:
Nodes
  1   2   3   4   5   6   7   8   9  10  11  12  13  14  15 
 16  17  18  19  20  21  22  23  24  25  26  27  28  29  30 
 31  32  33  34  35  36  37  38  39  40  41  42  43  44  45 
 46  47  48  49  50  51  52  53  54  55  56  57  58  59  60 
 61  62  63  64  65  66  67  68  69  70  71  72  73  74  75 
 76  77  78  79  80  81  82  83  84  85  86  87  88  89  90 
 91  92  93  94  95  96  97  98  99 100 101 102 103 104 105 
106 107 108 109 110 111 112 113 114 115 116 117 118 119 120 
121 122 123 124 125 126 127 128 129 130 131 132 133 134 135 
136 137 138 139 140 141 142 143 144 145 146 147 148 149 150 
151 152 153 154 155 156 157 158 159 160 161 162 163 164 165
out-degrees
  0   0   0   0   0   2   0   2   0   1   6   7   0   0   1 
  3   0   0   0   1   0   1   1  13   0   3   0   0   0   1 
  0   1   8   1   0   0   0   0   0   0   0   1   0   0  20 
  1   0   0   0   0  10   0   0   0   0   0   0   5   0   7 
  0   0   0   0   0  11   0   0   0   3   0   0   0   0   0 
  9   0   0   5   0   1   0   0   0  11   1   0   1   6  11 
  1   0   0   1   0   0   0  10   0   0   4   0   2   0   0 
  8   2   1   0   0   1   0   0   1   0   2   2   3   1   0 
  0   0   7   9   7   1   1   0   0   1   0  11   0   0   9 
  0   2   0   0   8   5   0  13   0   0   3   0   6   1   2 
  0   0   0   0   2   1   0   0   0   0   0   0   0   0   0
in-degrees
  0   0   0   0   0   1   2   1   0   1   4   7   0   0   0 
  2   0   1   0   1   0   0   1  11   0   3   0   0   0   1 
  1   1   5   0   0   8   0   1   2   0   0   3   1   2  18 
  6   0   3   0   0   8   1   0   0   0   0   1   4   0   8 
  6   0   0   0   0  14   0   0   1   0   0   0   0   0   0 
  9   0   0   5   0   0   0   0   0   2   0   1   0   4   2 
  1   0   0   0   0   0   1  11   0   1   2   1   3   0   0 
  3   2   1   0   0   1   0   0   2   0   1   2   2   1   0 
  0   0   4   2   8   4   3   0   0   2   2  12   0   0   5 
  0   2   0   0   6   0   0   4   0   0   6   0  12   2   3 
  0   0   1   2   3   2   0   5   0   0   5   0   0   0   0

No missing data for observation 3.

For observation moment 4, degree distributions are as follows:
Nodes
  1   2   3   4   5   6   7   8   9  10  11  12  13  14  15 
 16  17  18  19  20  21  22  23  24  25  26  27  28  29  30 
 31  32  33  34  35  36  37  38  39  40  41  42  43  44  45 
 46  47  48  49  50  51  52  53  54  55  56  57  58  59  60 
 61  62  63  64  65  66  67  68  69  70  71  72  73  74  75 
 76  77  78  79  80  81  82  83  84  85  86  87  88  89  90 
 91  92  93  94  95  96  97  98  99 100 101 102 103 104 105 
106 107 108 109 110 111 112 113 114 115 116 117 118 119 120 
121 122 123 124 125 126 127 128 129 130 131 132 133 134 135 
136 137 138 139 140 141 142 143 144 145 146 147 148 149 150 
151 152 153 154 155 156 157 158 159 160 161 162 163 164 165
out-degrees
  0   0   0   0   0   2   0   2   0   2   5   6   0   0   0 
  3   0   0   0   2   0   1   1   9   0   3   0   0   0   1 
  0   1   9   1   0   1   0   0   0   0   0   2   0   3  20 
  4   0   1   0   0   9   2   0   0   0   0   0   4   0   8 
  0   0   0   0   0   9   0   0   0   2   0   0   0   0   0 
  9   0   0   5   0   1   0   0   0   7   0   1   1   8   7 
  1   0   1   1   0   0   0  11   0   0   4   0   1   0   0 
 11   0   1   0   0   0   0   0   2   0   1   2   0   1   0 
  0   0   2   5   0   0   0   0   0   2   0  12   0   0   8 
  0   1   0   0   8   8   0  13   0   0   0   0  10   3   2 
  0   0   0   0   2   0   0  23   0   0   2   0   0   0   0
in-degrees
  0   0   0   2   0   2   2   1   0   2   3   7   0   0   0 
  3   0   1   0   1   0   0   1  12   0   4   0   1   0   1 
  3   1   5   1   0   7   0   1   0   0   1   2   0   0  13 
  5   0   1   0   0  11   1   0   0   2   0   0   4   0   7 
  8   0   0   0   0  12   0   0   0   1   0   0   1   0   0 
 10   0   0   5   0   0   0   0   0   2   1   0   1   6   3 
  0   0   2   0   0   0   2  11   1   1   3   0   3   0   0 
  7   1   1   0   0   1   1   0   3   0   1   3   1   2   0 
  0   0   7   2   5   5   3   0   0   2   1  12   0   0   0 
  0   1   0   0   5   0   0   6   0   0   6   0  12   3   2 
  0   0   0   0   4   0   0   5   1   0   6   0   0   0   0

No missing data for observation 4.

For observation moment 5, degree distributions are as follows:
Nodes
  1   2   3   4   5   6   7   8   9  10  11  12  13  14  15 
 16  17  18  19  20  21  22  23  24  25  26  27  28  29  30 
 31  32  33  34  35  36  37  38  39  40  41  42  43  44  45 
 46  47  48  49  50  51  52  53  54  55  56  57  58  59  60 
 61  62  63  64  65  66  67  68  69  70  71  72  73  74  75 
 76  77  78  79  80  81  82  83  84  85  86  87  88  89  90 
 91  92  93  94  95  96  97  98  99 100 101 102 103 104 105 
106 107 108 109 110 111 112 113 114 115 116 117 118 119 120 
121 122 123 124 125 126 127 128 129 130 131 132 133 134 135 
136 137 138 139 140 141 142 143 144 145 146 147 148 149 150 
151 152 153 154 155 156 157 158 159 160 161 162 163 164 165
out-degrees
  0   0   0   0   0   2   0   2   0   2   1   7   0   0   0 
  3   0   0   0   1   0   0   1   8   0   3   0   0   0   1 
  0   1   7   2   0   5   0   1   0   0   0   2   0   2   1 
  2   0   2   0   0  10   1   0   0   0   0   0   5   0   8 
  0   3   0   0   0  17   0   0   0   5   0   0   1   0   0 
  9   0   0   6   0   0   0   0   0   6   0   3   1   9   9 
  1   0   1   1   0   0   0   9   0   0   4   0   0   0   0 
  7   1   0   0   0   1   0   0   0   0   2   2   3   1   0 
  0   0   3   6   0   0   0   0   0   1   0  11   0   0  11 
  0   0   0   0   7  52   0  12   0   0   3   0   9   2   2 
  0   0   1   0   0   0   0  60   0   0   1   0   0   0   0
in-degrees
  0   0   0   1   0   3   3   2   1   3   2   5   0   0   0 
  4   0   1   2   2   0   0   1  11   0   6   0   3   0   0 
  1   3   7   0   2   6   0   1   1   0   2   3   2   1   9 
  6   0   5   0   0  10   3   0   0   3   0   1   7   0   6 
  5   2   0   0   0  10   1   0   2   5   0   0   2   0   0 
  7   2   1   6   0   2   0   0   0   4   0   2   2   6   3 
  1   1   1   0   1   0   0   9   1   1   5   2   5   0   0 
  3   3   3   0   0   1   1   0   1   0   2   4   2   1   0 
  2   0   4   3   6   6   4   0   0   3   1  11   0   0   9 
  1   1   0   1   6   2   0   6   1   0  10   1  13   3   4 
  0   0   1   0   4   1   0   7   1   1   8   0   1   2   0

No missing data for observation 5.

For observation moment 6, degree distributions are as follows:
Nodes
  1   2   3   4   5   6   7   8   9  10  11  12  13  14  15 
 16  17  18  19  20  21  22  23  24  25  26  27  28  29  30 
 31  32  33  34  35  36  37  38  39  40  41  42  43  44  45 
 46  47  48  49  50  51  52  53  54  55  56  57  58  59  60 
 61  62  63  64  65  66  67  68  69  70  71  72  73  74  75 
 76  77  78  79  80  81  82  83  84  85  86  87  88  89  90 
 91  92  93  94  95  96  97  98  99 100 101 102 103 104 105 
106 107 108 109 110 111 112 113 114 115 116 117 118 119 120 
121 122 123 124 125 126 127 128 129 130 131 132 133 134 135 
136 137 138 139 140 141 142 143 144 145 146 147 148 149 150 
151 152 153 154 155 156 157 158 159 160 161 162 163 164 165
out-degrees
  0   0   0   0   0   1   0   2   0   2   1   7   0   0   0 
  1   0   0   0   0   0   0   5   7   0   3   0   0   0   1 
  0   1  10   1   0   0   0   0   0   0   0   3   0   2  15 
  2   0   1   0   0   3   2   0   0   0   0   0   4   0   7 
  0   5   0   0   0  13   0   0   0   6   0   0   1   0   0 
  7   0   0   8   0   0   0   0   0   5   1   3   1   8  10 
  1   0   0   1   0   0   0  12   0   0   3   0   2   0   0 
  8   0   1   0   0   0   0   0   1   0   1   3   0   1   0 
  0   0   0   8   2   0   2   0   0   2   0   8   0   0   9 
  0   1   0   0   6  10   0  12   0   0   0   0   3   2   1 
  0   0   0   0   1   0   0  43   0   0   2   0   0   0   0
in-degrees
  0   0   1   1   1   2   1   1   0   2   2   5   0   0   1 
  1   1   0   0   0   0   0   3  12   0   4   0   0   0   0 
  0   1   8   1   2   8   0   1   1   0   3   2   1   1  11 
  6   0   4   0   0   6   1   0   0   2   0   2   2   0   5 
  3   1   0   0   0  11   1   0   1   3   0   0   1   0   0 
  9   1   0   8   0   3   0   0   0   4   0   2   0   5   7 
  0   0   0   0   0   0   0   9   3   0   5   0   3   0   0 
  4   3   3   1   0   1   1   0   0   1   1   4   2   1   0 
  0   0   0   3   2   6   3   0   1   3   1   6   0   0   5 
  0   1   0   0   3   0   0   7   0   0   6   0  11   4   1 
  0   0   1   1   3   0   0  10   1   0   6   0   0   2   0

No missing data for observation 6.

For observation moment 7, degree distributions are as follows:
Nodes
  1   2   3   4   5   6   7   8   9  10  11  12  13  14  15 
 16  17  18  19  20  21  22  23  24  25  26  27  28  29  30 
 31  32  33  34  35  36  37  38  39  40  41  42  43  44  45 
 46  47  48  49  50  51  52  53  54  55  56  57  58  59  60 
 61  62  63  64  65  66  67  68  69  70  71  72  73  74  75 
 76  77  78  79  80  81  82  83  84  85  86  87  88  89  90 
 91  92  93  94  95  96  97  98  99 100 101 102 103 104 105 
106 107 108 109 110 111 112 113 114 115 116 117 118 119 120 
121 122 123 124 125 126 127 128 129 130 131 132 133 134 135 
136 137 138 139 140 141 142 143 144 145 146 147 148 149 150 
151 152 153 154 155 156 157 158 159 160 161 162 163 164 165
out-degrees
  0   0   0   1   0   2   2   2   0   4   2   7   0   0   0 
  2   0   0   0   0   0   0   2   2   0   3   0   0   0   1 
  0   1   9   1   0   2   0   0   0   0   0   1   0   0   9 
  1   0   3   0   0   3   1   3   0   0   0   0   3   0   6 
  1   0   0   0   0   8   0   1   0   5   0   0   1   0   0 
  8   0   0   9   0   0   0   0   0   3   1   3   1   2   5 
  0   0   0   1   0   0   0   7   0   0   3   0   1   0   0 
  7   2   2   0   0   0   0   0   0   0   1   2   3   1   0 
  0   0   0   6   0   0   2   0   0   1   1   5   0   0   8 
  0   1   0   0   7  14   0  11   0   0   0   0   2   1   1 
  0   0   0   0   1   0   0   1   0   0   1   0   0   0   0
in-degrees
  0   0   0   1   0   1   0   1   0   2   3   7   0   0   0 
  1   0   0   0   0   0   0   1   5   0   3   0   0   0   1 
  1   0   4   0   0   7   0   1   1   0   0   1   0   1   7 
  6   0   3   0   0   3   1   0   0   0   0   1   4   0   3 
  1   0   0   0   0  11   0   0   1   4   0   0   0   0   0 
  7   0   0   7   0   0   0   0   0   3   0   1   0   5   5 
  0   0   0   0   0   0   1   9   0   0   3   0   3   0   0 
  2   0   5   0   0   0   0   0   1   0   2   3   2   0   0 
  0   0   0   1   1   4   1   0   0   1   1   4   0   0   4 
  0   1   0   0   1   1   0   6   0   0   7   0  13   3   1 
  0   0   0   0   1   0   0  10   0   0   6   0   0   1   0

No missing data for observation 7.

For observation moment 8, degree distributions are as follows:
Nodes
  1   2   3   4   5   6   7   8   9  10  11  12  13  14  15 
 16  17  18  19  20  21  22  23  24  25  26  27  28  29  30 
 31  32  33  34  35  36  37  38  39  40  41  42  43  44  45 
 46  47  48  49  50  51  52  53  54  55  56  57  58  59  60 
 61  62  63  64  65  66  67  68  69  70  71  72  73  74  75 
 76  77  78  79  80  81  82  83  84  85  86  87  88  89  90 
 91  92  93  94  95  96  97  98  99 100 101 102 103 104 105 
106 107 108 109 110 111 112 113 114 115 116 117 118 119 120 
121 122 123 124 125 126 127 128 129 130 131 132 133 134 135 
136 137 138 139 140 141 142 143 144 145 146 147 148 149 150 
151 152 153 154 155 156 157 158 159 160 161 162 163 164 165
out-degrees
  0   0   0   1   0   2   0   2   0   2   6   7   0   0   0 
  1   0   0   0   2   0   0   2   6   0   3   0   0   0   1 
  0   1   9   1   0  11   0   0   0   0   0   1   0   0  17 
  1   0   2   0   0   1   1   4   0   0   0   0   4   0   8 
  2   4   0   0   0   8   0   1   0   6   0   0   1   0   0 
  9   0   0   9   0   0   0   0   0   6   1   3   1   1   4 
  0   0   0   1   0   0   0  11   0   0   5   0   2   0   0 
  8   1   2   0   0   0   0   0   1   0   1   2   6   1   0 
  0   0   1  10   0   0   1   0   2   0   1   9   0   0  10 
  0   1   0   0   6  14   0  12   0   1  11   0   9   0   2 
  0   0   0   0   0   0   0  23   0   0   1   0   0   0   0
in-degrees
  0   0   1   2   0   1   2   1   1   2   3   8   0   0   0 
  2   0   0   1   1   0   0   1  10   0   6   0   1   0   1 
  2   1   5   0   1   7   0   1   1   0   1   5   1   2  14 
  5   0   4   0   0   8   1   1   0   0   0   2   5   0   7 
  4   0   0   0   0  13   0   0   1   3   0   0   0   1   1 
  8   2   0   8   0   0   0   0   0   2   0   0   0   3   5 
  0   0   0   0   0   0   0   9   0   0   4   0   4   0   0 
  4   2   2   1   0   1   0   0   2   0   1   4   2   1   0 
  1   0   6   3   0   5   2   0   0   3   2   6   0   0   6 
  0   1   1   1   6   1   0   7   0   0   8   0  14   3   2 
  0   0   1   0   2   0   1  10   0   1   6   0   0   2   0

No missing data for observation 8.

For observation moment 9, degree distributions are as follows:
Nodes
  1   2   3   4   5   6   7   8   9  10  11  12  13  14  15 
 16  17  18  19  20  21  22  23  24  25  26  27  28  29  30 
 31  32  33  34  35  36  37  38  39  40  41  42  43  44  45 
 46  47  48  49  50  51  52  53  54  55  56  57  58  59  60 
 61  62  63  64  65  66  67  68  69  70  71  72  73  74  75 
 76  77  78  79  80  81  82  83  84  85  86  87  88  89  90 
 91  92  93  94  95  96  97  98  99 100 101 102 103 104 105 
106 107 108 109 110 111 112 113 114 115 116 117 118 119 120 
121 122 123 124 125 126 127 128 129 130 131 132 133 134 135 
136 137 138 139 140 141 142 143 144 145 146 147 148 149 150 
151 152 153 154 155 156 157 158 159 160 161 162 163 164 165
out-degrees
 12   0   0   1   0   1   0   2   0   1   2   6   0   0   0 
  3   0   0   0   2   0   0   1   7   0   3   0   0   0   1 
  0   1  10   1   0   9   0   0   0   0   0   2   0   0  16 
  2   0   1   0   0   7   1   4   0   0   0   0   4   0   8 
  4  33   0   0   0   7   0   0   0   5   0   0   2   0   0 
  8   0   0   9   0   0   0   0   0   5   1   3   1   0  16 
  0   0   0   1   0   0   0   9   0   0   2   0   1   1   0 
  9   2   2   0   0   0   0   0   0   0   2   3   9   1   0 
  0   0   0  15   0   0   0   0   2   1   0   5   0   0  10 
  0   0   0   0   5  53   0  15   0   1   9   0  10   2   3 
  0   1   1   0   1   0   0   1   0   0   0   4   0   0   0
in-degrees
 11   0   0   1   0   2   3   3   0   2   0  10   1   1   0 
  0   0   0   0   2   0   0   2  10   0   6   0   2   0   3 
  1   1  10   1   2  10   0   1   0   0   2   4   1   2  12 
  8   0   6   0   0   6   2   3   0   0   0   2   8   0  10 
  9   3   0   0   0  11   1   0   3   6   3   0   2   1   1 
  8   1   1   7   0   0   0   0   0   3   0   3   0   0   7 
  0   0   0   2   2   0   0  13   1   0   3   2   5   0   0 
  5   3   5   3   0   0   0   0   1   1   0   4   4   2   0 
  0   0   0   6   1   6   5   0   0   5   1   4   0   0   7 
  0   0   0   1   5   0   0  12   0   0   7   0  14   3   4 
  0   0   0   1   3   0   1   4   1   0  10   5   0   0   0

No missing data for observation 9.

For observation moment 10, degree distributions are as follows:
Nodes
  1   2   3   4   5   6   7   8   9  10  11  12  13  14  15 
 16  17  18  19  20  21  22  23  24  25  26  27  28  29  30 
 31  32  33  34  35  36  37  38  39  40  41  42  43  44  45 
 46  47  48  49  50  51  52  53  54  55  56  57  58  59  60 
 61  62  63  64  65  66  67  68  69  70  71  72  73  74  75 
 76  77  78  79  80  81  82  83  84  85  86  87  88  89  90 
 91  92  93  94  95  96  97  98  99 100 101 102 103 104 105 
106 107 108 109 110 111 112 113 114 115 116 117 118 119 120 
121 122 123 124 125 126 127 128 129 130 131 132 133 134 135 
136 137 138 139 140 141 142 143 144 145 146 147 148 149 150 
151 152 153 154 155 156 157 158 159 160 161 162 163 164 165
out-degrees
 11   0   0   0   0   1   0   2   0   1   3   5   0   0   0 
  3   0   0   0   1   0   0   2   7   0   3   0   0   0   1 
  1   1   9   1   0   5   0   0   0   0   0   3   0   0  14 
  2   0   0   0   0   5   1   1   0   0   0   0   5   0   9 
  1   0   0   0   0  11   0   0   0   4   0   0   1   1   0 
  9   0   0   8   0   0   0   0   0   4   0   3   1   0   6 
  0   0   0   1   0   0   0  12   0   0   5   0   1   0   0 
 12   2   2   0   0   0   0   0   0   0   1   2   7   0   0 
  0   0   0  15   0   1   2   0   1   0   0   2   0   0   8 
  0   1   0   0   8   3   0  13   0   0   1   0   7   2   3 
  0   1   1   0   1   1   0   0   0   0   2   3   0   0   0
in-degrees
  9   0   0   0   0   2   0   1   0   0   4   7   0   0   0 
  0   0   0   0   1   0   1   2  10   0   3   0   0   0   1 
  0   1   7   0   1   8   0   0   0   0   0   4   1   0  12 
  5   0   2   0   0   7   1   3   0   0   0   0   4   0   9 
  3   0   1   0   0   8   0   0   1   3   0   0   0   2   0 
  9   0   0   7   0   0   0   0   0   2   0   1   0   0   4 
  0   0   0   0   0   0   0  12   0   0   3   0   2   0   0 
  4   0   1   1   0   0   0   0   1   0   0   3   7   0   0 
  0   0   4   3   2   4   1   0   0   2   1   0   0   0   7 
  0   1   0   0   6   0   0   9   0   0   4   0  14   3   4 
  0   1   0   1   2   1   0   5   0   1   6   3   0   0   1

No missing data for observation 10.

For observation moment 11, degree distributions are as follows:
Nodes
  1   2   3   4   5   6   7   8   9  10  11  12  13  14  15 
 16  17  18  19  20  21  22  23  24  25  26  27  28  29  30 
 31  32  33  34  35  36  37  38  39  40  41  42  43  44  45 
 46  47  48  49  50  51  52  53  54  55  56  57  58  59  60 
 61  62  63  64  65  66  67  68  69  70  71  72  73  74  75 
 76  77  78  79  80  81  82  83  84  85  86  87  88  89  90 
 91  92  93  94  95  96  97  98  99 100 101 102 103 104 105 
106 107 108 109 110 111 112 113 114 115 116 117 118 119 120 
121 122 123 124 125 126 127 128 129 130 131 132 133 134 135 
136 137 138 139 140 141 142 143 144 145 146 147 148 149 150 
151 152 153 154 155 156 157 158 159 160 161 162 163 164 165
out-degrees
  5   0   0   0   0   1   0   2   0   1   1   4   0   0   0 
  0   0   0   0   1   0   0   1  10   0   2   0   0   0   2 
  1   1  11   0   0  10   0   0   0   0   0   1   0   0   3 
  3   0   0   0   0   1   1   1   0   0   0   0   2   0   9 
  4   0   0   0   0  14   0   0   0   6   0   0   1   1   0 
  6   0   0   7   0   0   0   0   1   6   3   3   1   0   9 
  0   0   0   0   0   0   0  14   0   0   5   0   0   1   0 
  8   1   2   0   0   0   0   0   0   0   1   2   5   1   0 
  0   0   1   6   9   1   0   0   2   0   0   1   0   0   0 
  0   0   0   0   8   3   0  14   0   0   8   0   8   3   4 
  0   3   0   0   1   0   0   1   0   0   1   1   0   0   1
in-degrees
  6   0   0   0   0   1   2   1   0   0   2   5   0   1   0 
  0   0   2   0   1   0   1   1   8   0   4   0   0   0   1 
  0   0   6   0   0  10   0   0   0   0   0   4   1   0  10 
  6   0   3   0   1   3   2   0   0   0   0   0   2   0   6 
  5   0   1   0   0  12   0   0   0   3   0   0   1   2   1 
  6   0   0   5   0   1   0   0   1   1   0   2   0   0   5 
  0   0   0   0   0   0   1  13   1   0   3   0   3   0   0 
  6   1   1   0   0   0   0   0   1   0   0   3   3   0   0 
  0   0   2   1   8   4   4   0   0   4   1   0   0   0   0 
  0   0   0   0   7   0   0   9   0   0   7   0  10   2   1 
  0   3   0   0   2   1   0   5   0   0   5   4   0   0   0

No missing data for observation 11.

For observation moment 12, degree distributions are as follows:
Nodes
  1   2   3   4   5   6   7   8   9  10  11  12  13  14  15 
 16  17  18  19  20  21  22  23  24  25  26  27  28  29  30 
 31  32  33  34  35  36  37  38  39  40  41  42  43  44  45 
 46  47  48  49  50  51  52  53  54  55  56  57  58  59  60 
 61  62  63  64  65  66  67  68  69  70  71  72  73  74  75 
 76  77  78  79  80  81  82  83  84  85  86  87  88  89  90 
 91  92  93  94  95  96  97  98  99 100 101 102 103 104 105 
106 107 108 109 110 111 112 113 114 115 116 117 118 119 120 
121 122 123 124 125 126 127 128 129 130 131 132 133 134 135 
136 137 138 139 140 141 142 143 144 145 146 147 148 149 150 
151 152 153 154 155 156 157 158 159 160 161 162 163 164 165
out-degrees
 13   0   0   0   0   1   0   3   0  43   4  11   0   0   0 
  0   0   0   0   1   0   0   2  10   0   2   0   0   0   1 
  0   1  14   1   0   7   0   0   0   0   0   1   0   0  16 
  5   0   0   0   7   0   1   1   0   0   1   0   1   0   9 
  1   1   0   0   0   6   0   0   0   7   0   0   1   1   0 
  7   0   0  10   0   0   0   0   4   1   4   0   1   0  10 
  0   0   0   0   0   0   0  13   0   0   3   0   1   0   0 
  8   1   2   0   0   0   0   0   0   3   2   2   5   1   0 
  0   0   0   6   9   0   0   1   2   1   0   0   0   0   8 
  0   1   0   0  12   0   0  14   0   0   1   0   2   1   3 
  0   7   0   0   1   1   0   1   0   0   2   3   0   0   0
in-degrees
 10   0   0   1   0   0   0   4   1   4   5   7   0   0   0 
  0   0   2   0   1   0   0   2   6   0   4   0   1   0   1 
  0   0  12   1   1   7   1   0   0   0   0   3   1   0  14 
  8   0   5   0   8   3   1   0   0   0   0   0   3   0   6 
  6   1   0   0   0  16   0   0   0   4   0   0   0   2   0 
  7   1   0   7   0   0   0   0   4   1   5   0   0   0   6 
  0   0   1   0   0   0   0  11   0   0   3   1   3   0   0 
  4   4   1   1   0   0   0   1   1   2   1   1   6   1   2 
  0   0   3   2   9   2   2   2   1   0   1   3   0   0   3 
  0   1   1   0  10   1   0  11   1   0   4   0   9   1   4 
  0   6   1   1   2   2   0   6   0   0   7   3   0   1   0

No missing data for observation 12.






@2
Reading dependent actor variables.
----------------------------------

1st dependent actor variable named time_run.
Maximum and minimum rounded values are 0 and 7.

2nd dependent actor variable named freq_run.
Maximum and minimum rounded values are 0 and 7.


A total of 2 dependent actor variables.

Number of missing cases per observation:
 observation         1         2         3         4         5         6         7         8         9        10        11        12		overall
time_run             0         0         0         0         0         0         0         0         0         0         0         0         0	  ( 0.0 %)
freq_run             0         0         0         0         0         0         0         0         0         0         0         0         0	  ( 0.0 %)

Means per observation:
 observation         1         2         3         4         5         6         7         8         9        10        11        12		overall
time_run           1.915     1.824     2.000     1.921     2.006     1.970     1.855     2.127     2.267     2.073     1.945     2.073     1.998
freq_run           1.885     1.861     2.030     1.909     2.030     1.994     2.000     2.097     2.200     2.079     2.042     2.218     2.029

@2
Reading constant actor covariates.
----------------------------------

1 variable, named:
gender          

A total of 1 non-changing individual covariate.

Number of missing cases:
gender          0 	( 0.0 %)

Information about covariates:
               minimum  maximum	  mean  centered 
gender          1.0     2.0      1.291    Y 
The mean value is subtracted from the centered covariate.


@2
Reading exogenous changing actor covariates.
--------------------------------------------

3 variables, named:
time_other      
freq_other      
winter          

A total of 3 exogenous changing actor covariates.

Number of missing cases per period:
 period                    1       2       3       4       5       6       7       8       9      10      11     overall
time_other                 0       0       0       0       0       0       0       0       0       0       0        0 	   ( 0.0 %)
freq_other                 0       0       0       0       0       0       0       0       0       0       0        0 	   ( 0.0 %)
winter                     0       0       0       0       0       0       0       0       0       0       0        0 	   ( 0.0 %)

Information about changing covariates:

               minimum  maximum	  mean  centered 
time_other                                 Y 
	period   1     0.0     7.0      0.830 
	period   2     0.0     7.0      0.994 
	period   3     0.0     7.0      1.121 
	period   4     0.0     7.0      1.200 
	period   5     0.0     7.0      1.358 
	period   6     0.0     7.0      1.430 
	period   7     0.0     7.0      1.491 
	period   8     0.0     7.0      1.491 
	period   9     0.0     7.0      1.218 
	period  10     0.0     7.0      0.933 
	period  11     0.0     7.0      0.848 
Overall                            1.174 

freq_other                                 Y 
	period   1     0.0     7.0      0.836 
	period   2     0.0     7.0      0.915 
	period   3     0.0     7.0      0.976 
	period   4     0.0     7.0      1.042 
	period   5     0.0     7.0      1.212 
	period   6     0.0     7.0      1.121 
	period   7     0.0     7.0      1.255 
	period   8     0.0     7.0      1.370 
	period   9     0.0     7.0      1.097 
	period  10     0.0     7.0      0.921 
	period  11     0.0     7.0      0.806 
Overall                            1.050 

winter                                     Y 
	period   1     1.0     1.0      1.000 
	period   2     1.0     1.0      1.000 
	period   3     1.0     1.0      1.000 
	period   4     0.0     0.0      0.000 
	period   5     0.0     0.0      0.000 
	period   6     0.0     0.0      0.000 
	period   7     0.0     0.0      0.000 
	period   8     0.0     0.0      0.000 
	period   9     0.0     0.0      0.000 
	period  10     0.0     0.0      0.000 
	period  11     0.0     0.0      0.000 
Overall                            0.273 

The mean values are subtracted from the covariates.


@2
Reading constant dyadic covariates.
-----------------------------------

Dyadic covariate named friendship.

A total of 1 dyadic individual covariate.

Number of tie variables with missing data:
friendship                     0   ( 0.0 %)

Information about dyadic covariates:
                                  minimum  maximum	  mean  centered 
friendship                          0.0     1.0      0.026    Y 

The mean value is subtracted from the centered covariate.



The mean structural dissimilarity value subtracted in the
balance calculations is         0.0209.

For the similarity variable calculated from each actor covariate,
the mean is subtracted.
These means are:
Similarity gender                   :       0.5849 
Similarity time_run                 :       0.7211 
Similarity freq_run                 :       0.7249 
Similarity time_other               :       0.7634 
Similarity freq_other               :       0.7876 
Similarity winter                   :       1.0000 



@1
Initial data description.
=========================


@2
Change in networks:
-------------------

For the following statistics, missing values (if any) are not counted.

Network density indicators:
observation time              1      2      3      4      5      6      7
density                    0.011  0.010  0.010  0.011  0.013  0.011  0.008
average degree             1.733  1.648  1.715  1.758  2.200  1.788  1.297
number of ties               286    272    283    290    363    295    214
missing fraction           0.000  0.000  0.000  0.000  0.000  0.000  0.000
observation time              8      9     10     11     12
density                    0.011  0.014  0.010  0.009  0.012
average degree             1.861  2.321  1.618  1.527  1.982
number of ties               307    383    267    252    327
missing fraction           0.000  0.000  0.000  0.000  0.000

The average degree is 1.787 


Tie changes between subsequent observations:
 periods        0 =>  0   0 =>  1   1 =>  0   1 =>  1   Distance Jaccard   Missing
  1 ==>   2     26697        77        91       195       168     0.537         0 (0%)
  2 ==>   3     26714        74        63       209       137     0.604         0 (0%)
  3 ==>   4     26702        75        68       215       143     0.601         0 (0%)
  4 ==>   5     26617       153        80       210       233     0.474         0 (0%)
  5 ==>   6     26614        83       151       212       234     0.475         0 (0%)
  6 ==>   7     26717        48       129       166       177     0.484         0 (0%)
  7 ==>   8     26712       134        41       173       175     0.497         0 (0%)
  8 ==>   9     26580       173        97       210       270     0.438         0 (0%)
  9 ==>  10     26613        64       180       203       244     0.454         0 (0%)
 10 ==>  11     26712        81        96       171       177     0.491         0 (0%)
 11 ==>  12     26652       156        81       171       237     0.419         0 (0%)

Directed dyad Counts:
 observation    total    mutual    asymm.     null
     1.         27060      182       208     26670
     2.         27060      162       220     26678
     3.         27060      168       230     26662
     4.         27060      170       240     26650
     5.         27060      162       402     26496
     6.         27060      154       282     26624
     7.         27060       98       232     26730
     8.         27060      156       302     26602
     9.         27060      188       390     26482
    10.         27060      166       202     26692
    11.         27060      152       200     26708
    12.         27060      192       270     26598

Standard values for initial parameter values
-------------------------------------------------

constant kudonet rate (period 1)        2.0499 
constant kudonet rate (period 2)        1.6719 
constant kudonet rate (period 3)        1.7451 
constant kudonet rate (period 4)        2.8426 
constant kudonet rate (period 5)        2.8548 
constant kudonet rate (period 6)        2.1597 
constant kudonet rate (period 7)        2.1353 
constant kudonet rate (period 8)        3.2938 
constant kudonet rate (period 9)        2.9767 
constant kudonet rate (period 10)       2.1597 
constant kudonet rate (period 11)       2.8914 
outdegree (density)                               -1.3884 



@2
Dependent discrete actor variables:
-----------------------------------


@3
Marginal distributions
                      
Dependent actor variable 2: time_run
                                           Observations
values               1     2     3     4     5     6     7     8     9    10    11    12
                ------------------------------------------------------------------------
  0                 43    39    37    43    34    35    40    41    34    36    38    34
  1                 36    44    39    40    45    46    47    37    34    39    37    39
  2                 30    34    34    30    39    37    32    28    35    34    37    36
  3                 28    25    25    20    17    20    23    24    22    20    26    24
  4                 12    12    14    13    13     9     6    11    15    18    12    13
  5                 11     3     9    12     5     6     4    10    12     9     9    10
  6                  2     5     2     4     4     5     9     6     7     5     3     6
  7                  3     3     5     3     8     7     4     8     6     4     3     3
No missings
Dependent actor variable 3: freq_run
                                           Observations
values               1     2     3     4     5     6     7     8     9    10    11    12
                ------------------------------------------------------------------------
  0                 43    39    37    43    34    35    40    41    34    36    38    34
  1                 31    36    35    37    43    47    35    30    32    38    32    31
  2                 36    40    32    35    32    30    36    32    36    35    43    31
  3                 31    32    33    21    28    23    23    31    28    25    20    37
  4                 15     6    14    11    12    12    14    11    14    12    13    12
  5                  3     5     6    11     6     8     7     9    11     7    11    11
  6                  2     3     5     3     4     5     7     7     6     7     4     4
  7                  4     4     3     4     6     5     3     4     4     5     4     5
No missings



@3
Changes
       
Dependent actor variable 2: time_run
 periods    actors:  down   up   constant  missing  ;   steps:   down    up  total
  1  =>  2            39    31      95         0                   55    40    95
  2  =>  3            32    55      78         0                   40    69   109
  3  =>  4            50    37      78         0                   68    55   123
  4  =>  5            34    49      82         0                   52    66   118
  5  =>  6            41    35      89         0                   57    51   108
  6  =>  7            44    30      91         0                   64    45   109
  7  =>  8            27    54      84         0                   29    74   103
  8  =>  9            26    49      90         0                   42    65   107
  9  => 10            52    34      79         0                   73    41   114
 10  => 11            47    33      85         0                   63    42   105
 11  => 12            35    48      82         0                   42    63   105

For this variable, the standard initial behavioral tendency parameter is   0.0122
Dependent actor variable 3: freq_run
 periods    actors:  down   up   constant  missing  ;   steps:   down    up  total
  1  =>  2            42    40      83         0                   54    50   104
  2  =>  3            30    47      88         0                   35    63    98
  3  =>  4            51    36      78         0                   68    48   116
  4  =>  5            36    53      76         0                   46    66   112
  5  =>  6            44    38      83         0                   58    52   110
  6  =>  7            42    41      82         0                   56    57   113
  7  =>  8            38    51      76         0                   47    63   110
  8  =>  9            26    40      99         0                   39    56    95
  9  => 10            49    39      77         0                   62    42   104
 10  => 11            47    39      79         0                   57    51   108
 11  => 12            31    52      82         0                   40    69   109

For this variable, the standard initial behavioral tendency parameter is   0.0294

Initialisation of project <<files/club3>> executed succesfully.
